"Index" "Fcst_VaR" "Act_Return" "var_level" "model" "id"
"1997-04-14" -0.0275113412359395 0.0231602921654781 0.05 4 8
"1997-04-15" -0.027505084195018 0.0100229607753862 0.05 4 8
"1997-04-16" -0.0274989247594119 -0.00272373956059796 0.05 4 8
"1997-04-17" -0.0274930786876063 0.00181640889721007 0.05 4 8
"1997-04-18" -0.0274872328839687 0.0144147748309509 0.05 4 8
"1997-04-21" -0.0274811867848571 -0.0171406269298584 0.05 4 8
"1997-04-22" -0.0274761908830139 0.018928084813837 0.05 4 8
"1997-04-23" -0.0274704356193023 0.0168217077794097 0.05 4 8
"1997-04-24" -0.0274647218257887 0.0760502283680773 0.05 4 8
"1997-04-25" -0.0274590936857234 -0.0188918997265751 0.05 4 8
"1997-04-28" -0.0274639255783233 -0.00249041126550354 0.05 4 8
"1997-04-29" -0.0274586548162084 0.0518336125409466 0.05 4 8
"1997-04-30" -0.0274528582341421 0.0133281889806706 0.05 4 8
"1997-05-01" -0.0274468297059244 0.00543700567909802 0.05 4 8
"1997-05-02" -0.0274409314367268 0.00463628937263854 0.05 4 8
"1997-05-05" -0.0274350859212833 0.0243730290931689 0.05 4 8
"1997-05-06" -0.0274290581960875 -0.00376891830378812 0.05 4 8
"1997-05-07" -0.0272920180788058 -0.0108891103537601 0.05 4 8
"1997-05-08" -0.0272866382464917 0.0318686460952629 0.05 4 8
"1997-05-09" -0.0272807181208272 0.000747323990343992 0.05 4 8
"1997-05-12" -0.0272751266877704 0.0351947137931504 0.05 4 8
"1997-05-13" -0.0272692880782193 0.000719170995312549 0.05 4 8
"1997-05-14" -0.0272637676101319 0.00143920837247359 0.05 4 8
"1997-05-15" -0.0272582647381458 0 0.05 4 8
"1997-05-16" -0.0272528253960668 -0.0225377215262614 0.05 4 8
"1997-05-19" -0.0272778900668585 -0.00738048713258972 0.05 4 8
"1997-05-20" -0.027272481763903 0.0291994678577584 0.05 4 8
"1997-05-21" -0.0272666078727128 0.00788197084169965 0.05 4 8
"1997-05-22" -0.027260903101441 -0.0151025908760076 0.05 4 8
"1997-05-23" -0.0272557515188395 0.00505997443741818 0.05 4 8
"1997-05-27" -0.027250051897753 0.033324182555611 0.05 4 8
"1997-05-28" -0.0272438456024818 0.0055636869022041 0.05 4 8
"1997-05-29" -0.0272378731959204 -0.0267057870637885 0.05 4 8
"1997-05-30" -0.0272867393624193 -0.0143472993571084 0.05 4 8
"1997-06-02" -0.0272813762886086 0.00719897234985045 0.05 4 8
"1997-06-03" -0.0272755483181043 -0.0320725776476374 0.05 4 8
"1997-06-04" -0.0274464896069345 -0.0119221900962997 0.05 4 8
"1997-06-05" -0.0274408159506646 -0.00601547646464472 0.05 4 8
"1997-06-06" -0.0274350055924332 0.0326436300959001 0.05 4 8
"1997-06-09" -0.0274287732872367 0.0144935043228029 0.05 4 8
"1997-06-10" -0.0274225762494901 -0.00722062003430785 0.05 4 8
"1997-06-11" -0.0274168690471691 0.0100937298241868 0.05 4 8
"1997-06-12" -0.0274108087649902 0.0114125592184713 0.05 4 8
"1997-06-13" -0.0274047522676874 0.00987995677027298 0.05 4 8
"1997-06-16" -0.0274827912350159 0.00280498831692879 0.05 4 8
"1997-06-17" -0.0274773444210216 0.00697841222959254 0.05 4 8
"1997-06-18" -0.0274437055253987 -0.0097834005465214 0.05 4 8
"1997-06-19" -0.027447237705403 0.00699791118009811 0.05 4 8
"1997-06-20" -0.0274612810610454 0.00278548936642329 0.05 4 8
"1997-06-23" -0.0274559731525557 -0.0239275895280077 0.05 4 8
"1997-06-24" -0.0273546735373202 0.0452560426782039 0.05 4 8
"1997-06-25" -0.027349258782042 0.000680538983252355 0.05 4 8
"1997-06-26" -0.0272586982837262 -0.0136986750888166 0.05 4 8
"1997-06-27" -0.0272533649765602 0.0068724216982442 0.05 4 8
"1997-06-30" -0.0272475274366886 -0.0110185710731977 0.05 4 8
"1997-07-01" -0.0272410168957273 0.0171642854805177 0.05 4 8
"1997-07-02" -0.0268642392971248 0.017544189407009 0.05 4 8
"1997-07-03" -0.0268591450012877 0.0146091844441707 0.05 4 8
"1997-07-07" -0.026854050956281 -0.00330175616927461 0.05 4 8
"1997-07-08" -0.0268489563536836 0.0131409855926368 0.05 4 8
"1997-07-09" -0.0268438605300867 0.00455888971344741 0.05 4 8
"1997-07-10" -0.0268387625471673 -0.00455888971344756 0.05 4 8
"1997-07-11" -0.0268336614796345 0 0.05 4 8
"1997-07-14" -0.0270422882515448 -0.00523539838589355 0.05 4 8
"1997-07-15" -0.0270341757668042 0.00784287089003058 0.05 4 8
"1997-07-16" -0.0268299852117848 0.0167852643339702 0.05 4 8
"1997-07-17" -0.0268285676488773 0.0202796392398924 0.05 4 8
"1997-07-18" -0.0268270278772157 0.0477741595735641 0.05 4 8
"1997-07-21" -0.0270141088627006 -0.00720343340483812 0.05 4 8
"1997-07-22" -0.0270073732801005 -0.00725491982823925 0.05 4 8
"1997-07-23" -0.0270006720762475 0.020421441807593 0.05 4 8
"1997-07-24" -0.0269942715488935 0.0252433102592776 0.05 4 8
"1997-07-25" -0.0269879102145093 -0.00756473177767296 0.05 4 8
"1997-07-28" -0.0269323984462983 -0.0188681136770783 0.05 4 8
"1997-07-29" -0.0268574610606675 -0.0204455480677669 0.05 4 8
"1997-07-30" -0.0268493882288868 0.0299238135434929 0.05 4 8
"1997-07-31" -0.0268422272090044 -0.00236174892889737 0.05 4 8
"1997-08-01" -0.0268348687089883 -0.00950113788967953 0.05 4 8
"1997-08-04" -0.0268273143421895 0.0142185186400026 0.05 4 8
"1997-08-05" -0.0268195656931334 0.0023502988924767 0.05 4 8
"1997-08-06" -0.0266969503828332 0.0128283072619485 0.05 4 8
"1997-08-07" -0.0266880475210837 -0.000930904519369057 0.05 4 8
"1997-08-08" -0.0266828668249374 -0.0199888537541821 0.05 4 8
"1997-08-11" -0.026529482516304 -0.0216095020758924 0.05 4 8
"1997-08-12" -0.026519366190585 0.00423825522324874 0.05 4 8
"1997-08-13" -0.0265114010239071 0.00902256406221937 0.05 4 8
"1997-08-14" -0.0264716242166179 -0.00721106365770186 0.05 4 8
"1997-08-15" -0.0261273308012421 -0.0362336674934557 0.05 4 8
"1997-08-18" -0.0257534140534933 0.0398459359739049 0.05 4 8
"1997-08-19" -0.0256823570612082 0.0371612975822975 0.05 4 8
"1997-08-20" -0.0256724155933064 0.000578892304675121 0.05 4 8
"1997-08-21" -0.0256646439921217 -0.0210540967392797 0.05 4 8
"1997-08-22" -0.0256664186567605 0.00589368132876496 0.05 4 8
"1997-08-25" -0.0256573295712824 -0.0130102124199646 0.05 4 8
"1997-08-26" -0.0253974339832135 -0.0162027142985153 0.05 4 8
"1997-08-27" -0.0253950436827201 0.00543064038378953 0.05 4 8
"1997-08-28" -0.0253859897412336 -0.0268307042797146 0.05 4 8
"1997-08-29" -0.0255230585986763 0.00246834537890394 0.05 4 8
"1997-09-02" -0.0255145729163747 0.0261656735820767 0.05 4 8
"1997-09-03" -0.025505013887982 -0.00481676806047544 0.05 4 8
"1997-09-04" -0.0254976732014016 0.00180863350989145 0.05 4 8
"1997-09-05" -0.025489271687383 -0.00120493675289905 0.05 4 8
"1997-09-08" -0.0254812949552509 -0.00726394958656918 0.05 4 8
"1997-09-09" -0.0243184629435548 -0.0283447152505521 0.05 4 8
"1997-09-10" -0.0245306183293761 -0.0304593210690976 0.05 4 8
"1997-09-11" -0.0245933070987418 0.0102567167558116 0.05 4 8
"1997-09-12" -0.0245829161647776 -0.00255490812080581 0.05 4 8
"1997-09-15" -0.0245732540684013 -0.0154639074223636 0.05 4 8
"1997-09-16" -0.0245648251253331 0.0344641409142715 0.05 4 8
"1997-09-17" -0.0245535699360102 0 0.05 4 8
"1997-09-18" -0.0258721254872512 -0.00882177829779828 0.05 4 8
"1997-09-19" -0.0258658799126336 0.00505057701750203 0.05 4 8
"1997-09-22" -0.025857054134046 0.0455469016818183 0.05 4 8
"1997-09-23" -0.0258475642374292 -0.0060354785892409 0.05 4 8
"1997-09-24" -0.025840534219681 -0.0164788008404672 0.05 4 8
"1997-09-25" -0.0258374664184304 0.000615248102520289 0.05 4 8
"1997-09-26" -0.0258292794180038 0.00979175571811649 0.05 4 8
"1997-09-29" -0.0259511739818403 0.0228793495237971 0.05 4 8
"1997-09-30" -0.0245997023997944 0.00947850449620525 0.05 4 8
"1997-10-01" -0.0245891618522095 -0.0238677661326771 0.05 4 8
"1997-10-02" -0.0245066810998642 0.0102134151318172 0.05 4 8
"1997-10-03" -0.0244478667968419 -0.00239392415388545 0.05 4 8
"1997-10-06" -0.0244388597288046 0.00478177876765886 0.05 4 8
"1997-10-07" -0.0244290619016866 0.0189023807850675 0.05 4 8
"1997-10-08" -0.0244192828965283 -0.0147364729830023 0.05 4 8
"1997-10-09" -0.024411711052467 -0.0059559551416343 0.05 4 8
"1997-10-10" -0.0244024358125055 0.00298201581675485 0.05 4 8
"1997-10-13" -0.0243928162792387 -0.00417754619656137 0.05 4 8
"1997-10-14" -0.0245616576264958 -0.0114291446882582 0.05 4 8
"1997-10-15" -0.0245518031683043 -0.0158535514033049 0.05 4 8
"1997-10-16" -0.0245881179037267 -0.0179852113268021 0.05 4 8
"1997-10-17" -0.024528766268399 -0.0454477216829245 0.05 4 8
"1997-10-20" -0.0245940611356028 0.0213804644939061 0.05 4 8
"1997-10-21" -0.0245836347519655 0.0758925986461401 0.05 4 8
"1997-10-22" -0.0245663196910665 -0.000594375314325778 0.05 4 8
"1997-10-23" -0.0245350628886592 -0.0462372604348963 0.05 4 8
"1997-10-24" -0.0248644684269233 -0.0239453283666272 0.05 4 8
"1997-10-27" -0.0245968528858285 -0.0851580344471749 0.05 4 8
"1997-10-28" -0.025051110075226 0.0990912297565439 0.05 4 8
"1997-10-29" -0.0249090168354128 -0.0113855185604672 0.05 4 8
"1997-10-30" -0.0249038214912288 -0.0251226370433243 0.05 4 8
"1997-10-31" -0.0250385260433376 0.0276636209157055 0.05 4 8
"1997-11-03" -0.02502889907717 0.0312333338241532 0.05 4 8
"1997-11-04" -0.0250193827175114 0.00307015266586849 0.05 4 8
"1997-11-05" -0.0250104023832644 0.00793884349088706 0.05 4 8
"1997-11-06" -0.0251299361769133 -0.0126593267193536 0.05 4 8
"1997-11-07" -0.0251528519037616 -0.0155811097352132 0.05 4 8
"1997-11-10" -0.0249709265954209 -0.0183843453040435 0.05 4 8
"1997-11-11" -0.0249654041361352 0.0133467681882063 0.05 4 8
"1997-11-12" -0.0249556728190821 -0.0242827257891888 0.05 4 8
"1997-11-13" -0.0250234163446119 0.0255445784920597 0.05 4 8
"1997-11-14" -0.0250141188519968 0.0236766667034896 0.05 4 8
"1997-11-17" -0.0246104269560288 0.0195126103910392 0.05 4 8
"1997-11-18" -0.0245917176230214 -0.0133739521420986 0.05 4 8
"1997-11-19" -0.0246156616065966 0.00913821698059016 0.05 4 8
"1997-11-20" -0.0245969838407268 0.0162411394720662 0.05 4 8
"1997-11-21" -0.0245784664151571 0.00772703813911434 0.05 4 8
"1997-11-24" -0.0245601062661143 -0.0233618626094448 0.05 4 8
"1997-11-25" -0.0246063021067774 0.0403860081996894 0.05 4 8
"1997-11-26" -0.0245878362537691 0.0218771664282558 0.05 4 8
"1997-11-28" -0.0245695400040786 -0.00228009691314828 0.05 4 8
"1997-12-01" -0.0245684022078621 0.0275836390000184 0.05 4 8
"1997-12-02" -0.0245503267046688 -0.0162332952072979 0.05 4 8
"1997-12-03" -0.0245802022313838 -0.00339206307305642 0.05 4 8
"1997-12-04" -0.0244500747628838 -0.0102446265879373 0.05 4 8
"1997-12-05" -0.0244635247736817 0.0270899463140997 0.05 4 8
"1997-12-08" -0.0244484954795309 0.00555217980151054 0.05 4 8
"1997-12-09" -0.024430536829518 -0.022397499527673 0.05 4 8
"1997-12-10" -0.0244424847916196 -0.0357380656418771 0.05 4 8
"1997-12-11" -0.0246792919725384 -0.0468551478087636 0.05 4 8
"1997-12-12" -0.0249110037702209 -0.0123766198712072 0.05 4 8
"1997-12-15" -0.024932776649846 0.00496928781765483 0.05 4 8
"1997-12-16" -0.024914704290527 0.0281017307450395 0.05 4 8
"1997-12-17" -0.0248958208466815 -0.0170115979967873 0.05 4 8
"1997-12-18" -0.0249281342687248 -0.0198025365308147 0.05 4 8
"1997-12-19" -0.0247940484101952 0.0210270588699689 0.05 4 8
"1997-12-22" -0.0248021409002258 0.0042748654257171 0.05 4 8
"1997-12-23" -0.0247980218330293 -0.0391477114601676 0.05 4 8
"1997-12-24" -0.0248987952490353 0.00505752108202025 0.05 4 8
"1997-12-26" -0.0248680900967852 0.0255223175976839 0.05 4 8
"1997-12-29" -0.0249543558870947 0.0103943017810442 0.05 4 8
"1997-12-30" -0.0249304405109348 0.00364323755602751 0.05 4 8
"1997-12-31" -0.0249107935430367 0.0144404795826464 0.05 4 8
"1998-01-02" -0.0248947207441975 0.00951279134263205 0.05 4 8
"1998-01-05" -0.0248820587713354 0.00766292680421724 0.05 4 8
"1998-01-06" -0.0248868377523169 -0.0112196637333979 0.05 4 8
"1998-01-07" -0.0248700963613563 -0.00954661314084783 0.05 4 8
"1998-01-08" -0.0248694918817167 -0.0005996524337082 0.05 4 8
"1998-01-09" -0.024861007006313 -0.0403972268556078 0.05 4 8
"1998-01-12" -0.0248967054441319 0.000624242496115727 0.05 4 8
"1998-01-13" -0.0248759647119075 0.019778183955625 0.05 4 8
"1998-01-14" -0.0248460753947876 0.00488446402104882 0.05 4 8
"1998-01-15" -0.0249553503873154 0.00788596310789275 0.05 4 8
"1998-01-16" -0.0249365607613102 0.0149929686711563 0.05 4 8
"1998-01-20" -0.0249178711475036 0.0316368840057141 0.05 4 8
"1998-01-21" -0.0253433887872856 -0.0791784637614373 0.05 4 8
"1998-01-22" -0.025398068908331 -0.00751860341759581 0.05 4 8
"1998-01-23" -0.0253921074403026 -0.00188851689766195 0.05 4 8
"1998-01-26" -0.0253793647918757 -0.0107697717092322 0.05 4 8
"1998-01-27" -0.0253509991233194 -0.0166993182597502 0.05 4 8
"1998-01-28" -0.025353737248636 0.00516835006106786 0.05 4 8
"1998-01-29" -0.0253348402958972 0.0121674075876969 0.05 4 8
"1998-01-30" -0.0253144720970879 0.00571290455596053 0.05 4 8
"1998-02-02" -0.0254249267163103 0.018188106096083 0.05 4 8
"1998-02-03" -0.0252845000009765 -0.0118791614341645 0.05 4 8
"1998-02-04" -0.0254013125564186 -0.0107492488558547 0.05 4 8
"1998-02-05" -0.0253995023075258 0.0126346678374406 0.05 4 8
"1998-02-06" -0.0253775128201463 -0.0117926083001836 0.05 4 8
"1998-02-09" -0.0253794579666164 0 0.05 4 8
"1998-02-10" -0.0253653434305684 0.0289145904724128 0.05 4 8
"1998-02-11" -0.025343077638288 0.0178083251374818 0.05 4 8
"1998-02-12" -0.0253414408938766 0.00182424533430066 0.05 4 8
"1998-02-13" -0.0249770479907957 -0.0048722976908011 0.05 4 8
"1998-02-17" -0.024966879231456 -0.00367002285633797 0.05 4 8
"1998-02-18" -0.0249545141398379 0.00732597213966217 0.05 4 8
"1998-02-19" -0.0249256720568229 0 0.05 4 8
"1998-02-20" -0.0249061862207997 -0.00121693716123517 0.05 4 8
"1998-02-23" -0.0248886737525017 0.00243328556871204 0.05 4 8
"1998-02-24" -0.0248640940186941 -0.00365215229039829 0.05 4 8
"1998-02-25" -0.0249825222261709 0.0264757644093362 0.05 4 8
"1998-02-26" -0.0249519973490816 0.00237243835145854 0.05 4 8
"1998-02-27" -0.0249270602464156 -0.0101220397509506 0.05 4 8
"1998-03-02" -0.0249263688171152 -0.0242294781125406 0.05 4 8
"1998-03-03" -0.0248457311577603 0.00183810456036399 0.05 4 8
"1998-03-04" -0.024953433237646 -0.0310770527779111 0.05 4 8
"1998-03-05" -0.0249479677660123 -0.000631732374919772 0.05 4 8
"1998-03-06" -0.0249359494104948 -0.00824621392300873 0.05 4 8
"1998-03-09" -0.0249286013704444 -0.0205931986309439 0.05 4 8
"1998-03-10" -0.0249261579737231 0.0142033596424142 0.05 4 8
"1998-03-11" -0.0249123357145554 0.0165290067633994 0.05 4 8
"1998-03-12" -0.0248978838249381 0.011285522498795 0.05 4 8
"1998-03-13" -0.0248827454572714 -0.00625409293788067 0.05 4 8
"1998-03-16" -0.024874623409906 0.016179285064124 0.05 4 8
"1998-03-17" -0.024991242897632 -0.00371009096311989 0.05 4 8
"1998-03-18" -0.0249824071566634 0.00679171899394887 0.05 4 8
"1998-03-19" -0.0249674543224323 0.0128408514778338 0.05 4 8
"1998-03-20" -0.0249518911653243 -0.0079291904317588 0.05 4 8
"1998-03-23" -0.0249480035268756 -0.00675959443852762 0.05 4 8
"1998-03-24" -0.0249434306533697 0.0207452468250716 0.05 4 8
"1998-03-25" -0.0249289575107556 0.023868020759088 0.05 4 8
"1998-03-26" -0.0249133633420824 -0.00888371145635171 0.05 4 8
"1998-03-27" -0.0249123731696075 -0.00656538769657846 0.05 4 8
"1998-03-30" -0.0249047474465137 -0.0108368462532691 0.05 4 8
"1998-03-31" -0.0249055200963888 0.00603497247548119 0.05 4 8
"1998-04-01" -0.0248745101113408 0.00540050093629048 0.05 4 8
"1998-04-02" -0.0248432287627349 0.0130798243541768 0.05 4 8
"1998-04-03" -0.02481088527925 -0.0106893886567459 0.05 4 8
"1998-04-06" -0.0248119988601655 0.0124600362969968 0.05 4 8
"1998-04-07" -0.0249101472966478 -0.0124600362969968 0.05 4 8
"1998-04-08" -0.0247836490290211 -0.00179196215385254 0.05 4 8
"1998-04-09" -0.024897047814971 0.0177834565722441 0.05 4 8
"1998-04-13" -0.0248632117336405 -0.0207787677178081 0.05 4 8
"1998-04-14" -0.0247721352115392 0.019602549947446 0.05 4 8
"1998-04-15" -0.0248698357097224 0.0324107988531772 0.05 4 8
"1998-04-16" -0.024835682210371 -0.0178117008207206 0.05 4 8
"1998-04-17" -0.0248640931978717 -0.00058008044197947 0.05 4 8
"1998-04-20" -0.0248450786624106 0.0314046672573009 0.05 4 8
"1998-04-21" -0.0248087485475456 0.059466485055001 0.05 4 8
"1998-04-22" -0.0247739265194316 -0.0279289084523049 0.05 4 8
"1998-04-23" -0.024810456677374 0.0236828494562913 0.05 4 8
"1998-04-24" -0.0249240494539023 -0.00106476698921125 0.05 4 8
"1998-04-27" -0.0249121904403161 -0.0177279320734458 0.05 4 8
"1998-04-28" -0.0249138006454132 0.00324672451384071 0.05 4 8
"1998-04-29" -0.0248986874637216 -0.001080982611044 0.05 4 8
"1998-04-30" -0.0248873078152111 0.00270040044749446 0.05 4 8
"1998-05-01" -0.0248724756273083 0.00859328132797363 0.05 4 8
"1998-05-04" -0.0248543659421961 -0.00214181312547685 0.05 4 8
"1998-05-05" -0.0248446333888694 0.0101308124736472 0.05 4 8
"1998-05-06" -0.0248258035810438 -0.00104422200195825 0.05 4 8
"1998-05-07" -0.0248122043017811 -0.00106673947582659 0.05 4 8
"1998-05-08" -0.0247928779559689 0.0242502166473953 0.05 4 8
"1998-05-11" -0.0247595627722605 -0.00574544665814576 0.05 4 8
"1998-05-12" -0.0247500320443158 0.00261546766963502 0.05 4 8
"1998-05-13" -0.0248536894271088 0.0186340633489939 0.05 4 8
"1998-05-14" -0.0248194676445535 0.0317968257108352 0.05 4 8
"1998-05-15" -0.0247848162834997 -0.00697905634227345 0.05 4 8
"1998-05-18" -0.0247776477979595 -0.00250450567747681 0.05 4 8
"1998-05-19" -0.0247603509210584 0.00300405634663598 0.05 4 8
"1998-05-20" -0.024730355252926 -0.0120720348313365 0.05 4 8
"1998-05-21" -0.0247348338002424 0.00101160423856192 0.05 4 8
"1998-05-22" -0.0247091129339851 -0.0137441155884608 0.05 4 8
"1998-05-26" -0.0247208052747715 -0.00771829799734922 0.05 4 8
"1998-05-27" -0.024715640981302 -0.00621725267341323 0.05 4 8
"1998-05-28" -0.0247069390981567 -0.00156072642279589 0.05 4 8
"1998-05-29" -0.0246871379432221 -0.0215740129734319 0.05 4 8
"1998-06-01" -0.0247354125170368 -0.00266314303155927 0.05 4 8
"1998-06-02" -0.0247186167820127 -0.0139635581527666 0.05 4 8
"1998-06-03" -0.0246698565678273 -0.0147104116033198 0.05 4 8
"1998-06-04" -0.0246709360394713 0.0190275098423546 0.05 4 8
"1998-06-05" -0.0246586176642102 0.0239438092004348 0.05 4 8
"1998-06-08" -0.0246466496110686 -0.000526064393141586 0.05 4 8
"1998-06-09" -0.0246382178289982 0.0036754789661885 0.05 4 8
"1998-06-10" -0.0246275845366509 -0.0169136661497379 0.05 4 8
"1998-06-11" -0.0244969265156488 -0.0107179014324787 0.05 4 8
"1998-06-12" -0.0244937469546937 0.0021525020296005 0.05 4 8
"1998-06-15" -0.0244833582297503 -0.0350145621359875 0.05 4 8
"1998-06-16" -0.0247985060946644 -0.0202481456791267 0.05 4 8
"1998-06-17" -0.0247685278025765 0.00904998400083425 0.05 4 8
"1998-06-18" -0.0247674094677901 -0.0199037862250499 0.05 4 8
"1998-06-19" -0.0247320291440119 -0.0250086572561232 0.05 4 8
"1998-06-22" -0.0248568664960003 0.0186700579808912 0.05 4 8
"1998-06-23" -0.0248441533884501 0.0329765204933279 0.05 4 8
"1998-06-24" -0.0248291046085533 0.00223454502160667 0.05 4 8
"1998-06-25" -0.0248175612909718 0.0038982287957109 0.05 4 8
"1998-06-26" -0.0248046495725234 0.00499064771837825 0.05 4 8
"1998-06-29" -0.0247910008233159 0.00990641859989027 0.05 4 8
"1998-06-30" -0.0247774748514159 0.00600603507286345 0.05 4 8
"1998-07-01" -0.0247644348230629 0.0167346231263427 0.05 4 8
"1998-07-02" -0.0247517851947171 -0.0134737399187065 0.05 4 8
"1998-07-06" -0.0247528536178881 -0.0131075817816791 0.05 4 8
"1998-07-07" -0.0247535644524497 0.0016477441236069 0.05 4 8
"1998-07-08" -0.0247430416338782 0.00983067232155879 0.05 4 8
"1998-07-09" -0.0247309313938559 0.0177764045865127 0.05 4 8
"1998-07-10" -0.0247206086858679 0.012204312669551 0.05 4 8
"1998-07-13" -0.0247108424311837 0.00735739024633843 0.05 4 8
"1998-07-14" -0.0247017118268409 0.00209178582519539 0.05 4 8
"1998-07-15" -0.0246942376968342 -0.022187908292272 0.05 4 8
"1998-07-16" -0.0246950711935804 0.0116834565423723 0.05 4 8
"1998-07-17" -0.0246854232466812 0.0151954630366032 0.05 4 8
"1998-07-20" -0.0246763641204406 0.0149681375063998 0.05 4 8
"1998-07-21" -0.0246680046976088 0.04898516650579 0.05 4 8
"1998-07-22" -0.0246606673836741 -0.00538002531253216 0.05 4 8
"1998-07-23" -0.024654283793074 -0.028352923463093 0.05 4 8
"1998-07-24" -0.0247687044240882 0.00302241194483651 0.05 4 8
"1998-07-27" -0.0247578683437495 0.0100102387303216 0.05 4 8
"1998-07-28" -0.0247463334760036 -0.000498214378492663 0.05 4 8
"1998-07-29" -0.0247396562012383 0.0192449203848222 0.05 4 8
"1998-07-30" -0.024732159178011 0.0421115140426527 0.05 4 8
"1998-07-31" -0.024726177372894 -0.00658150770794539 0.05 4 8
"1998-08-03" -0.0247208414984485 0.00188521175824511 0.05 4 8
"1998-08-04" -0.0247153553456371 -0.0457582012191077 0.05 4 8
"1998-08-05" -0.0248634748586371 0.0151632615966351 0.05 4 8
"1998-08-06" -0.0248442278194266 0.0111602129472177 0.05 4 8
"1998-08-07" -0.0248236834055053 -0.00482872042761942 0.05 4 8
"1998-08-10" -0.0249429576993487 0.00579127134714741 0.05 4 8
"1998-08-11" -0.0249217130690135 -0.0106435394531062 0.05 4 8
"1998-08-12" -0.0249156358624935 -0.00389872445934912 0.05 4 8
"1998-08-13" -0.0249042510602165 -0.0142613297467238 0.05 4 8
"1998-08-14" -0.0249005385182942 -0.00645951145799779 0.05 4 8
"1998-08-17" -0.0248903887662447 -0.0019959787668942 0.05 4 8
"1998-08-18" -0.024878102660252 0.029529409811952 0.05 4 8
"1998-08-19" -0.0248617017320266 0.00821099892933907 0.05 4 8
"1998-08-20" -0.0248441104579041 -0.0145351202512767 0.05 4 8
"1998-08-21" -0.0248412339131099 -0.0014653870407483 0.05 4 8
"1998-08-24" -0.024829666764812 0.00536192830896749 0.05 4 8
"1998-08-25" -0.0248132878776252 -0.000972996064558172 0.05 4 8
"1998-08-26" -0.0248020658971629 0.018800101648297 0.05 4 8
"1998-08-27" -0.0247854887404861 -0.0439304358655256 0.05 4 8
"1998-08-28" -0.0249079452482328 -0.0216906970536909 0.05 4 8
"1998-08-31" -0.0249041610134334 -0.0845575451622164 0.05 4 8
"1998-09-01" -0.0249745988877195 0.0460917852048629 0.05 4 8
"1998-09-02" -0.0249201862449622 0.0214943058257962 0.05 4 8
"1998-09-03" -0.0249353276812908 0.0103205291759944 0.05 4 8
"1998-09-04" -0.0249391779459967 -0.0197005341211919 0.05 4 8
"1998-09-08" -0.0249185114216498 0.0535161527154291 0.05 4 8
"1998-09-09" -0.024991006675204 -0.0195444172807737 0.05 4 8
"1998-09-10" -0.0252673275901394 -0.00813010143674785 0.05 4 8
"1998-09-11" -0.0252505567089897 0.0326249858983283 0.05 4 8
"1998-09-14" -0.0252487117144206 0.0200448492946868 0.05 4 8
"1998-09-15" -0.0252485518417833 0.0067534329904447 0.05 4 8
"1998-09-16" -0.0251111307859744 0.00383876522840661 0.05 4 8
"1998-09-17" -0.0252313987874515 -0.0291567382394853 0.05 4 8
"1998-09-18" -0.0253376472682236 -0.0164060389117099 0.05 4 8
"1998-09-21" -0.0253546569314235 0.0276836381848007 0.05 4 8
"1998-09-22" -0.0253198154149213 -0.00341877297647361 0.05 4 8
"1998-09-23" -0.0253455055975522 0.0332002448885212 0.05 4 8
"1998-09-24" -0.0254417150175206 -0.0114234985519593 0.05 4 8
"1998-09-25" -0.0254429487557319 0.0222494427845994 0.05 4 8
"1998-09-28" -0.0254072247648689 0.000936206395472222 0.05 4 8
"1998-09-29" -0.0257371131709014 -0.0165062312911492 0.05 4 8
"1998-09-30" -0.025760951813222 -0.0226027186074261 0.05 4 8
"1998-10-01" -0.0258714856593352 -0.0246195656640707 0.05 4 8
"1998-10-02" -0.0258699167776428 -0.00449637947466534 0.05 4 8
"1998-10-05" -0.0258611151785798 -0.0372397364132819 0.05 4 8
"1998-10-06" -0.0258696990698212 -0.00835126206043524 0.05 4 8
"1998-10-07" -0.0258341663514104 0.0125009091349755 0.05 4 8
"1998-10-08" -0.0258469299358677 0.0225185688271691 0.05 4 8
"1998-10-09" -0.0258533846281423 0.0304030903372902 0.05 4 8
"1998-10-12" -0.0258614713592594 0.0275977662240259 0.05 4 8
"1998-10-13" -0.025838735877282 -0.0207480635525918 0.05 4 8
"1998-10-14" -0.0261185998332761 0.0178791389663943 0.05 4 8
"1998-10-15" -0.0261236495687972 0.0449517054192755 0.05 4 8
"1998-10-16" -0.0261222971208605 -0.00412975921670666 0.05 4 8
"1998-10-19" -0.0269503418605884 0.0249727423275908 0.05 4 8
"1998-10-20" -0.0269172612507201 -0.0108200421201686 0.05 4 8
"1998-10-21" -0.0269269050446683 0.0343090175395846 0.05 4 8
"1998-10-22" -0.0268934906132917 -0.00615133657373213 0.05 4 8
"1998-10-23" -0.0269237475981818 -0.00176424941456004 0.05 4 8
"1998-10-26" -0.0271778975386065 0.0105399341011555 0.05 4 8
"1998-10-27" -0.0272068806253289 0.00913294357529134 0.05 4 8
"1998-10-28" -0.0271945058870496 0.0124755943112296 0.05 4 8
"1998-10-29" -0.0271801458760432 0.0173770773479558 0.05 4 8
"1998-10-30" -0.0272944084911029 -0.00168195917051959 0.05 4 8
"1998-11-02" -0.0273363784608903 -0.000841939490505029 0.05 4 8
"1998-11-03" -0.027501902818524 -0.00676261782017892 0.05 4 8
"1998-11-04" -0.0274963262664139 0.00338678977161193 0.05 4 8
"1998-11-05" -0.02749071469587 0.00757910578834057 0.05 4 8
"1998-11-06" -0.0274812706058947 0.00922976905408906 0.05 4 8
"1998-11-09" -0.0274365009733716 0.00954160441832774 0.05 4 8
"1998-11-10" -0.0273888761089768 0.0300957458109964 0.05 4 8
"1998-11-11" -0.027336741850674 0.00718590617337347 0.05 4 8
"1998-11-12" -0.0274107577314869 0.00476155923491195 0.05 4 8
"1998-11-13" -0.027448196019035 -0.00277483776021871 0.05 4 8
"1998-11-16" -0.0281914048470076 0.0122317256397365 0.05 4 8
"1998-11-17" -0.0281901926357404 -0.00866509574475769 0.05 4 8
"1998-11-18" -0.0281887131192285 0.00630943496591239 0.05 4 8
"1998-11-19" -0.0281874629953421 -0.00275574759169425 0.05 4 8
"1998-11-20" -0.0281856589776071 0.00980561906328073 0.05 4 8
"1998-11-23" -0.0281839511475304 0.0394164511416135 0.05 4 8
"1998-11-24" -0.0281820144107144 -0.00791145157145708 0.05 4 8
"1998-11-25" -0.0281793142589828 0.00903617055224498 0.05 4 8
"1998-11-27" -0.0281767840131353 0.0193025144834309 0.05 4 8
"1998-11-30" -0.0282825697421617 -0.029095304889068 0.05 4 8
"1998-12-01" -0.0284560527329558 0.0283602426894328 0.05 4 8
"1998-12-02" -0.0284513172936818 -0.0144526530795694 0.05 4 8
"1998-12-03" -0.0284506822883533 -0.023797653138607 0.05 4 8
"1998-12-04" -0.0284471658584353 0.00457675110232524 0.05 4 8
"1998-12-07" -0.0287087386423679 0.017726393852012 0.05 4 8
"1998-12-08" -0.0292198811089324 0.00596325824246461 0.05 4 8
"1998-12-09" -0.0292135563766305 0.0074050489269181 0.05 4 8
"1998-12-10" -0.0292073162522551 -0.0265387279017817 0.05 4 8
"1998-12-11" -0.0294117409103251 0.0180183622274705 0.05 4 8
"1998-12-14" -0.0295312804791849 -0.0309811491101955 0.05 4 8
"1998-12-15" -0.0296733715137305 0.0129627868827252 0.05 4 8
"1998-12-16" -0.0296694753651359 -0.00379545265771119 0.05 4 8
"1998-12-17" -0.0296657871424732 0.0102137816113651 0.05 4 8
"1998-12-18" -0.0296570764015937 0.0325839161367643 0.05 4 8
"1998-12-21" -0.0296535561188804 0.0276645950077058 0.05 4 8
"1998-12-22" -0.029650039260127 0.0327666540383671 0.05 4 8
"1998-12-23" -0.0296465258934255 0.01497712240888 0.05 4 8
"1998-12-24" -0.0296430180060399 0.0157529264725199 0.05 4 8
"1998-12-28" -0.0296409471768971 0.00695952074531174 0.05 4 8
"1998-12-29" -0.0296375783187828 -0.0112913069727839 0.05 4 8
"1998-12-30" -0.0296342272022841 -0.00200652379742839 0.05 4 8
"1998-12-31" -0.029677164912483 -0.0127993652909001 0.05 4 8
"1999-01-04" -0.0296708160294425 -0.007486010982544 0.05 4 8
"1999-01-05" -0.0296640690397681 0.035563378791974 0.05 4 8
"1999-01-06" -0.0299070858055116 -0.00462529265305669 0.05 4 8
"1999-01-07" -0.0298866064836597 0.00758680319050599 0.05 4 8
"1999-01-08" -0.0297953220616575 -0.0138984166506976 0.05 4 8
"1999-01-11" -0.0297954837113211 0.00895673436493084 0.05 4 8
"1999-01-12" -0.0298065427332574 -0.0223755831686594 0.05 4 8
"1999-01-13" -0.0297787942968952 0.00236193160115224 0.05 4 8
"1999-01-14" -0.0297864156054456 -0.0266320457813831 0.05 4 8
"1999-01-15" -0.0298544963276429 0.023594965090481 0.05 4 8
"1999-01-19" -0.0304340007498796 0.0387784072671209 0.05 4 8
"1999-01-20" -0.0298246808078276 0.0116355363643092 0.05 4 8
"1999-01-21" -0.0298125571477598 0.0127716941403875 0.05 4 8
"1999-01-22" -0.0298021740525247 -0.0916366705738447 0.05 4 8
"1999-01-25" -0.0303633581428594 0.0124395525361783 0.05 4 8
"1999-01-26" -0.0303595604161619 0.0197222332662111 0.05 4 8
"1999-01-27" -0.0303557944514061 -0.040191038995046 0.05 4 8
"1999-01-28" -0.0308307789421174 0.00210052425732333 0.05 4 8
"1999-01-29" -0.0308274402170743 0.0252135728976853 0.05 4 8
"1999-02-01" -0.0308240664236998 -0.0192848439623521 0.05 4 8
"1999-02-02" -0.0308207530916178 -0.0168306278461399 0.05 4 8
"1999-02-03" -0.030817421630554 -0.00852248734802867 0.05 4 8
"1999-02-04" -0.0308140647425565 -0.0329924247402884 0.05 4 8
"1999-02-05" -0.0309800124455432 -0.0212338082504899 0.05 4 8
"1999-02-08" -0.0309773240153857 0.00866030843953754 0.05 4 8
"1999-02-09" -0.0309748352696098 -0.0257782884029365 0.05 4 8
"1999-02-10" -0.030988893601651 0.0369435711425004 0.05 4 8
"1999-02-11" -0.030986711860301 0.0554296776231345 0.05 4 8
"1999-02-12" -0.0309845375216464 -0.0327431516961568 0.05 4 8
"1999-02-16" -0.0311596544710805 -0.00144815078683453 0.05 4 8
"1999-02-17" -0.0311513969216239 -0.0116619651666051 0.05 4 8
"1999-02-18" -0.031167825097859 0.0217555492501191 0.05 4 8
"1999-02-19" -0.031165302400737 -0.0151789016477547 0.05 4 8
"1999-02-22" -0.0311632884779685 0.0361202095226268 0.05 4 8
"1999-02-23" -0.0311604867306004 -0.00563574760184691 0.05 4 8
"1999-02-24" -0.0311580502948465 -0.0181790282657461 0.05 4 8
"1999-02-25" -0.0311555120703647 -0.000719871668760068 0.05 4 8
"1999-02-26" -0.0311526544241799 -0.022570563095567 0.05 4 8
"1999-03-01" -0.0311501101786942 -0.00813331377579299 0.05 4 8
"1999-03-02" -0.0311472347120179 -0.00371897039557084 0.05 4 8
"1999-03-03" -0.031144333189028 -0.0059788156562024 0.05 4 8
"1999-03-04" -0.0311416675308945 0.0251678252961634 0.05 4 8
"1999-03-05" -0.031138694767521 0.0422239842319497 0.05 4 8
"1999-03-08" -0.0311357047938244 0.00279945588392735 0.05 4 8
"1999-03-09" -0.0311329078807621 0.0183497165586048 0.05 4 8
"1999-03-10" -0.0311304143189204 -0.00378130452562862 0.05 4 8
"1999-03-11" -0.0311280398586951 0.00754726020732585 0.05 4 8
"1999-03-12" -0.0311258070390683 -0.0270191891805546 0.05 4 8
"1999-03-15" -0.0311452039643456 0.0222230018595861 0.05 4 8
"1999-03-16" -0.0311430671024434 -0.0055096184750858 0.05 4 8
"1999-03-17" -0.0311412037332636 -0.0163625090040529 0.05 4 8
"1999-03-18" -0.0311393039687614 -0.0024598130964438 0.05 4 8
"1999-03-19" -0.0311371496030243 -0.0523681512144587 0.05 4 8
"1999-03-22" -0.0312493436777057 -0.00931289791993959 0.05 4 8
"1999-03-23" -0.0312463272828737 -0.00977809964507584 0.05 4 8
"1999-03-24" -0.031243411648888 0.0246374806595767 0.05 4 8
"1999-03-25" -0.0312409001954482 0.0106358781385152 0.05 4 8
"1999-03-26" -0.0312383633043075 0.00618302899133524 0.05 4 8
"1999-03-29" -0.0312357933209191 0.0314091577073634 0.05 4 8
"1999-03-30" -0.0312332306761563 0.00385732183896414 0.05 4 8
"1999-03-31" -0.031230603295566 -0.00737704626768699 0.05 4 8
"1999-04-01" -0.0312278137111646 -0.00141161453558989 0.05 4 8
"1999-04-05" -0.031224919210384 0.0384462970309439 0.05 4 8
"1999-04-06" -0.0314212929073724 -0.00511013362602315 0.05 4 8
"1999-04-07" -0.0312580706300122 0.0189456498476875 0.05 4 8
