"Index" "Fcst_VaR" "Act_Return" "var_level" "model" "id"
"1997-04-14" -0.0487490748727136 0.0231602921654781 0.01 4 4
"1997-04-15" -0.0487363151165555 0.0100229607753862 0.01 4 4
"1997-04-16" -0.0488543291391421 -0.00272373956059796 0.01 4 4
"1997-04-17" -0.0488402439536562 0.00181640889721007 0.01 4 4
"1997-04-18" -0.0488255783089878 0.0144147748309509 0.01 4 4
"1997-04-21" -0.0488107609940551 -0.0171406269298584 0.01 4 4
"1997-04-22" -0.0487956021163699 0.018928084813837 0.01 4 4
"1997-04-23" -0.0487800879485608 0.0168217077794097 0.01 4 4
"1997-04-24" -0.0487642039591813 0.0760502283680773 0.01 4 4
"1997-04-25" -0.0488793999950567 -0.0188918997265751 0.01 4 4
"1997-04-28" -0.0488627299331775 -0.00249041126550354 0.01 4 4
"1997-04-29" -0.048845642161047 0.0518336125409466 0.01 4 4
"1997-04-30" -0.0488281607381704 0.0133281889806706 0.01 4 4
"1997-05-01" -0.0488103270594608 0.00543700567909802 0.01 4 4
"1997-05-02" -0.0488911269130272 0.00463628937263854 0.01 4 4
"1997-05-05" -0.0488834621830556 0.0243730290931689 0.01 4 4
"1997-05-06" -0.0488764523401055 -0.00376891830378812 0.01 4 4
"1997-05-07" -0.0488693468659447 -0.0108891103537601 0.01 4 4
"1997-05-08" -0.0488621443673406 0.0318686460952629 0.01 4 4
"1997-05-09" -0.048892949805533 0.000747323990343992 0.01 4 4
"1997-05-12" -0.0488886713497383 0.0351947137931504 0.01 4 4
"1997-05-13" -0.0488842640780176 0.000719170995312549 0.01 4 4
"1997-05-14" -0.048879726514933 0.00143920837247359 0.01 4 4
"1997-05-15" -0.0488750573750003 0 0.01 4 4
"1997-05-16" -0.0488702552754876 -0.0225377215262614 0.01 4 4
"1997-05-19" -0.0488653188422564 -0.00738048713258972 0.01 4 4
"1997-05-20" -0.0489917117598189 0.0291994678577584 0.01 4 4
"1997-05-21" -0.048986502816755 0.00788197084169965 0.01 4 4
"1997-05-22" -0.0489811555701119 -0.0151025908760076 0.01 4 4
"1997-05-23" -0.0489756687446828 0.00505997443741818 0.01 4 4
"1997-05-27" -0.0489700411172244 0.033324182555611 0.01 4 4
"1997-05-28" -0.0489642714568299 0.0055636869022041 0.01 4 4
"1997-05-29" -0.0489583583977506 -0.0267057870637885 0.01 4 4
"1997-05-30" -0.0489523007344364 -0.0143472993571084 0.01 4 4
"1997-06-02" -0.0489460973393817 0.00719897234985045 0.01 4 4
"1997-06-03" -0.0489397470529696 -0.0320725776476374 0.01 4 4
"1997-06-04" -0.04893324861608 -0.0119221900962997 0.01 4 4
"1997-06-05" -0.0489265938836455 -0.00601547646464472 0.01 4 4
"1997-06-06" -0.0489197869057291 0.0326436300959001 0.01 4 4
"1997-06-09" -0.0490442977464403 0.0144935043228029 0.01 4 4
"1997-06-10" -0.0490371954672583 -0.00722062003430785 0.01 4 4
"1997-06-11" -0.0490299441089483 0.0100937298241868 0.01 4 4
"1997-06-12" -0.0490225429197538 0.0114125592184713 0.01 4 4
"1997-06-13" -0.049014991010616 0.00987995677027298 0.01 4 4
"1997-06-16" -0.0490072875777399 0.00280498831692879 0.01 4 4
"1997-06-17" -0.0489994319111399 0.00697841222959254 0.01 4 4
"1997-06-18" -0.0489914232625283 -0.0097834005465214 0.01 4 4
"1997-06-19" -0.048983266305123 0.00699791118009811 0.01 4 4
"1997-06-20" -0.0489750685116146 0.00278548936642329 0.01 4 4
"1997-06-23" -0.0489667258494529 -0.0239275895280077 0.01 4 4
"1997-06-24" -0.0489582378079881 0.0452560426782039 0.01 4 4
"1997-06-25" -0.0491355728977564 0.000680538983252355 0.01 4 4
"1997-06-26" -0.0491214153452456 -0.0136986750888166 0.01 4 4
"1997-06-27" -0.04910692216677 0.0068724216982442 0.01 4 4
"1997-06-30" -0.0490920464939694 -0.0110185710731977 0.01 4 4
"1997-07-01" -0.0490767702626494 0.0171642854805177 0.01 4 4
"1997-07-02" -0.0473043494235345 0.017544189407009 0.01 4 4
"1997-07-03" -0.0472957736095623 0.0146091844441707 0.01 4 4
"1997-07-07" -0.04728722110332 -0.00330175616927461 0.01 4 4
"1997-07-08" -0.0472786910709678 0.0131409855926368 0.01 4 4
"1997-07-09" -0.0472701825963113 0.00455888971344741 0.01 4 4
"1997-07-10" -0.0472616944539658 -0.00455888971344756 0.01 4 4
"1997-07-11" -0.0473846901576499 0 0.01 4 4
"1997-07-14" -0.0473762311677928 -0.00523539838589355 0.01 4 4
"1997-07-15" -0.0473677624390263 0.00784287089003058 0.01 4 4
"1997-07-16" -0.0473593350268369 0.0167852643339702 0.01 4 4
"1997-07-17" -0.0473511194897213 0.0202796392398924 0.01 4 4
"1997-07-18" -0.0473429581544935 0.0477741595735641 0.01 4 4
"1997-07-21" -0.0473349094168671 -0.00720343340483812 0.01 4 4
"1997-07-22" -0.0473268965803288 -0.00725491982823925 0.01 4 4
"1997-07-23" -0.0473189193431394 0.020421441807593 0.01 4 4
"1997-07-24" -0.0473109771440678 0.0252433102592776 0.01 4 4
"1997-07-25" -0.0473846122926866 -0.00756473177767296 0.01 4 4
"1997-07-28" -0.0473773490670527 -0.0188681136770783 0.01 4 4
"1997-07-29" -0.0473701195097198 -0.0204455480677669 0.01 4 4
"1997-07-30" -0.0473629217922409 0.0299238135434929 0.01 4 4
"1997-07-31" -0.0473749342657094 -0.00236174892889737 0.01 4 4
"1997-08-01" -0.0473678404697846 -0.00950113788967953 0.01 4 4
"1997-08-04" -0.0473607848893539 0.0142185186400026 0.01 4 4
"1997-08-05" -0.0473537430444724 0.0023502988924767 0.01 4 4
"1997-08-06" -0.0468654521743098 0.0128283072619485 0.01 4 4
"1997-08-07" -0.0468454845388836 -0.000930904519369057 0.01 4 4
"1997-08-08" -0.0468252003975427 -0.0199888537541821 0.01 4 4
"1997-08-11" -0.0469458723032622 -0.0216095020758924 0.01 4 4
"1997-08-12" -0.0469398541012104 0.00423825522324874 0.01 4 4
"1997-08-13" -0.0469336998283916 0.00902256406221937 0.01 4 4
"1997-08-14" -0.0469277353568367 -0.00721106365770186 0.01 4 4
"1997-08-15" -0.0462835028305274 -0.0362336674934557 0.01 4 4
"1997-08-18" -0.0462621464759134 0.0398459359739049 0.01 4 4
"1997-08-19" -0.0456278586103941 0.0371612975822975 0.01 4 4
"1997-08-20" -0.0456138444704034 0.000578892304675121 0.01 4 4
"1997-08-21" -0.0455997228005315 -0.0210540967392797 0.01 4 4
"1997-08-22" -0.0455854942180225 0.00589368132876496 0.01 4 4
"1997-08-25" -0.0455711593518224 -0.0130102124199646 0.01 4 4
"1997-08-26" -0.0439148255000824 -0.0162027142985153 0.01 4 4
"1997-08-27" -0.0439021161650456 0.00543064038378953 0.01 4 4
"1997-08-28" -0.0438894604692701 -0.0268307042797146 0.01 4 4
"1997-08-29" -0.0438768572937222 0.00246834537890394 0.01 4 4
"1997-09-02" -0.0438643055472934 0.0261656735820767 0.01 4 4
"1997-09-03" -0.0438518041289716 -0.00481676806047544 0.01 4 4
"1997-09-04" -0.0439708165227446 0.00180863350989145 0.01 4 4
"1997-09-05" -0.0439584124748582 -0.00120493675289905 0.01 4 4
"1997-09-08" -0.0439460555106735 -0.00726394958656918 0.01 4 4
"1997-09-09" -0.0439337445749891 -0.0283447152505521 0.01 4 4
"1997-09-10" -0.0439214786314722 -0.0304593210690976 0.01 4 4
"1997-09-11" -0.0439092566634271 0.0102567167558116 0.01 4 4
"1997-09-12" -0.0438970776698923 -0.00255490812080581 0.01 4 4
"1997-09-15" -0.0438849406536866 -0.0154639074223636 0.01 4 4
"1997-09-16" -0.0438728446371549 0.0344641409142715 0.01 4 4
"1997-09-17" -0.0438607886872563 0 0.01 4 4
"1997-09-18" -0.0438487534535145 -0.00882177829779828 0.01 4 4
"1997-09-19" -0.0438367547376124 0.00505057701750203 0.01 4 4
"1997-09-22" -0.0439769479679136 0.0455469016818183 0.01 4 4
"1997-09-23" -0.0439654094288694 -0.0060354785892409 0.01 4 4
"1997-09-24" -0.0439538764314054 -0.0164788008404672 0.01 4 4
"1997-09-25" -0.0439423490290981 0.000615248102520289 0.01 4 4
"1997-09-26" -0.0439308272503653 0.00979175571811649 0.01 4 4
"1997-09-29" -0.0439193243613239 0.0228793495237971 0.01 4 4
"1997-09-30" -0.0439078384362746 0.00947850449620525 0.01 4 4
"1997-10-01" -0.0438963583776302 -0.0238677661326771 0.01 4 4
"1997-10-02" -0.0438848841752873 0.0102134151318172 0.01 4 4
"1997-10-03" -0.0438734158331983 -0.00239392415388545 0.01 4 4
"1997-10-06" -0.0438615046152169 0.00478177876765886 0.01 4 4
"1997-10-07" -0.0438495244037177 0.0189023807850675 0.01 4 4
"1997-10-08" -0.0438375449250386 -0.0147364729830023 0.01 4 4
"1997-10-09" -0.0438255667261326 -0.0059559551416343 0.01 4 4
"1997-10-10" -0.0438135903595226 0.00298201581675485 0.01 4 4
"1997-10-13" -0.0438016163702545 -0.00417754619656137 0.01 4 4
"1997-10-14" -0.0457675110055398 -0.0114291446882582 0.01 4 4
"1997-10-15" -0.0457588018839283 -0.0158535514033049 0.01 4 4
"1997-10-16" -0.0457788629947856 -0.0179852113268021 0.01 4 4
"1997-10-17" -0.0458563882740586 -0.0454477216829245 0.01 4 4
"1997-10-20" -0.0459177782277959 0.0213804644939061 0.01 4 4
"1997-10-21" -0.0459283770265811 0.0758925986461401 0.01 4 4
"1997-10-22" -0.0459315854838394 -0.000594375314325778 0.01 4 4
"1997-10-23" -0.0459331144524858 -0.0462372604348963 0.01 4 4
"1997-10-24" -0.0462463342558643 -0.0239453283666272 0.01 4 4
"1997-10-27" -0.046247080733292 -0.0851580344471749 0.01 4 4
"1997-10-28" -0.0462407581850101 0.0990912297565439 0.01 4 4
"1997-10-29" -0.0462330735940064 -0.0113855185604672 0.01 4 4
"1997-10-30" -0.0464683847864546 -0.0251226370433243 0.01 4 4
"1997-10-31" -0.0464588759128018 0.0276636209157055 0.01 4 4
"1997-11-03" -0.0464500152573447 0.0312333338241532 0.01 4 4
"1997-11-04" -0.0464411975774429 0.00307015266586849 0.01 4 4
"1997-11-05" -0.0464324233765086 0.00793884349088706 0.01 4 4
"1997-11-06" -0.0463170152841031 -0.0126593267193536 0.01 4 4
"1997-11-07" -0.0463165961337237 -0.0155811097352132 0.01 4 4
"1997-11-10" -0.0463159093359006 -0.0183843453040435 0.01 4 4
"1997-11-11" -0.0463154170453597 0.0133467681882063 0.01 4 4
"1997-11-12" -0.0463071543114339 -0.0242827257891888 0.01 4 4
"1997-11-13" -0.0463050897147043 0.0255445784920597 0.01 4 4
"1997-11-14" -0.0463029947513274 0.0236766667034896 0.01 4 4
"1997-11-17" -0.0405514862320828 0.0195126103910392 0.01 4 4
"1997-11-18" -0.0405503682344002 -0.0133739521420986 0.01 4 4
"1997-11-19" -0.0405273008250783 0.00913821698059016 0.01 4 4
"1997-11-20" -0.0405079991752834 0.0162411394720662 0.01 4 4
"1997-11-21" -0.0406203839959759 0.00772703813911434 0.01 4 4
"1997-11-24" -0.0406009687630792 -0.0233618626094448 0.01 4 4
"1997-11-25" -0.0404992486469334 0.0403860081996894 0.01 4 4
"1997-11-26" -0.0404733692520384 0.0218771664282558 0.01 4 4
"1997-11-28" -0.0405795157551295 -0.00228009691314828 0.01 4 4
"1997-12-01" -0.0405596263208421 0.0275836390000184 0.01 4 4
"1997-12-02" -0.0405566358877386 -0.0162332952072979 0.01 4 4
"1997-12-03" -0.0405493320121359 -0.00339206307305642 0.01 4 4
"1997-12-04" -0.0405404761299505 -0.0102446265879373 0.01 4 4
"1997-12-05" -0.0405304147096343 0.0270899463140997 0.01 4 4
"1997-12-08" -0.0405193209233776 0.00555217980151054 0.01 4 4
"1997-12-09" -0.040507311027805 -0.022397499527673 0.01 4 4
"1997-12-10" -0.0405012732229625 -0.0357380656418771 0.01 4 4
"1997-12-11" -0.0404478415201195 -0.0468551478087636 0.01 4 4
"1997-12-12" -0.0452764738652461 -0.0123766198712072 0.01 4 4
"1997-12-15" -0.0453815012323456 0.00496928781765483 0.01 4 4
"1997-12-16" -0.0453552307005171 0.0281017307450395 0.01 4 4
"1997-12-17" -0.0453292944338759 -0.0170115979967873 0.01 4 4
"1997-12-18" -0.0453033598372448 -0.0198025365308147 0.01 4 4
"1997-12-19" -0.0452957171613079 0.0210270588699689 0.01 4 4
"1997-12-22" -0.045269537462592 0.0042748654257171 0.01 4 4
"1997-12-23" -0.045243360884143 -0.0391477114601676 0.01 4 4
"1997-12-24" -0.0452448889442662 0.00505752108202025 0.01 4 4
"1997-12-26" -0.0453422173457709 0.0255223175976839 0.01 4 4
"1997-12-29" -0.0453089568294698 0.0103943017810442 0.01 4 4
"1997-12-30" -0.045276658853811 0.00364323755602751 0.01 4 4
"1997-12-31" -0.0452488626976702 0.0144404795826464 0.01 4 4
"1998-01-02" -0.0452225463716302 0.00951279134263205 0.01 4 4
"1998-01-05" -0.0451925802033267 0.00766292680421724 0.01 4 4
"1998-01-06" -0.045164512892523 -0.0112196637333979 0.01 4 4
"1998-01-07" -0.045138412877164 -0.00954661314084783 0.01 4 4
"1998-01-08" -0.04533651269197 -0.0005996524337082 0.01 4 4
"1998-01-09" -0.0453129720406284 -0.0403972268556078 0.01 4 4
"1998-01-12" -0.0452919072768749 0.000624242496115727 0.01 4 4
"1998-01-13" -0.045251630099144 0.019778183955625 0.01 4 4
"1998-01-14" -0.0452110320785181 0.00488446402104882 0.01 4 4
"1998-01-15" -0.0453015192332797 0.00788596310789275 0.01 4 4
"1998-01-16" -0.0452599982102186 0.0149929686711563 0.01 4 4
"1998-01-20" -0.045217928686302 0.0316368840057141 0.01 4 4
"1998-01-21" -0.0451753067876736 -0.0791784637614373 0.01 4 4
"1998-01-22" -0.0460253905284266 -0.00751860341759581 0.01 4 4
"1998-01-23" -0.0460195494371438 -0.00188851689766195 0.01 4 4
"1998-01-26" -0.0459955821298807 -0.0107697717092322 0.01 4 4
"1998-01-27" -0.0459923869328114 -0.0166993182597502 0.01 4 4
"1998-01-28" -0.0459919468058095 0.00516835006106786 0.01 4 4
"1998-01-29" -0.0460911034219435 0.0121674075876969 0.01 4 4
"1998-01-30" -0.0460689762243058 0.00571290455596053 0.01 4 4
"1998-02-02" -0.0460480870444015 0.018188106096083 0.01 4 4
"1998-02-03" -0.0460016047235786 -0.0118791614341645 0.01 4 4
"1998-02-04" -0.0459683188096619 -0.0107492488558547 0.01 4 4
"1998-02-05" -0.0460599157302057 0.0126346678374406 0.01 4 4
"1998-02-06" -0.0460134402219355 -0.0117926083001836 0.01 4 4
"1998-02-09" -0.04596784076802 0 0.01 4 4
"1998-02-10" -0.0452677202273245 0.0289145904724128 0.01 4 4
"1998-02-11" -0.0453873142384416 0.0178083251374818 0.01 4 4
"1998-02-12" -0.0453905217831176 0.00182424533430066 0.01 4 4
"1998-02-13" -0.0452572043435253 -0.0048722976908011 0.01 4 4
"1998-02-17" -0.0452561351539285 -0.00367002285633797 0.01 4 4
"1998-02-18" -0.0452445207845696 0.00732597213966217 0.01 4 4
"1998-02-19" -0.0452218385227609 0 0.01 4 4
"1998-02-20" -0.0453576006644695 -0.00121693716123517 0.01 4 4
"1998-02-23" -0.0454070304188729 0.00243328556871204 0.01 4 4
"1998-02-24" -0.0453703694904163 -0.00365215229039829 0.01 4 4
"1998-02-25" -0.045224773301603 0.0264757644093362 0.01 4 4
"1998-02-26" -0.0453077938266895 0.00237243835145854 0.01 4 4
"1998-02-27" -0.0453861640147355 -0.0101220397509506 0.01 4 4
"1998-03-02" -0.0452017020376302 -0.0242294781125406 0.01 4 4
"1998-03-03" -0.0452196252850317 0.00183810456036399 0.01 4 4
"1998-03-04" -0.0452395273912694 -0.0310770527779111 0.01 4 4
"1998-03-05" -0.0452387281380429 -0.000631732374919772 0.01 4 4
"1998-03-06" -0.0452426759678757 -0.00824621392300873 0.01 4 4
"1998-03-09" -0.0452374397195356 -0.0205931986309439 0.01 4 4
"1998-03-10" -0.0453001156197436 0.0142033596424142 0.01 4 4
"1998-03-11" -0.0452786087248461 0.0165290067633994 0.01 4 4
"1998-03-12" -0.0452565111809784 0.011285522498795 0.01 4 4
"1998-03-13" -0.0452336396219481 -0.00625409293788067 0.01 4 4
"1998-03-16" -0.0452097693172574 0.016179285064124 0.01 4 4
"1998-03-17" -0.0451870804330434 -0.00371009096311989 0.01 4 4
"1998-03-18" -0.0451643667724387 0.00679171899394887 0.01 4 4
"1998-03-19" -0.0452720451187165 0.0128408514778338 0.01 4 4
"1998-03-20" -0.0452569274102279 -0.0079291904317588 0.01 4 4
"1998-03-23" -0.0452533445697059 -0.00675959443852762 0.01 4 4
"1998-03-24" -0.0452808051145339 0.0207452468250716 0.01 4 4
"1998-03-25" -0.0452740890689205 0.023868020759088 0.01 4 4
"1998-03-26" -0.0452686334879878 -0.00888371145635171 0.01 4 4
"1998-03-27" -0.0452642564613362 -0.00656538769657846 0.01 4 4
"1998-03-30" -0.045136126429115 -0.0108368462532691 0.01 4 4
"1998-03-31" -0.0451382190584571 0.00603497247548119 0.01 4 4
"1998-04-01" -0.0451385137817574 0.00540050093629048 0.01 4 4
"1998-04-02" -0.0451369990083917 0.0130798243541768 0.01 4 4
"1998-04-03" -0.0451337394711289 -0.0106893886567459 0.01 4 4
"1998-04-06" -0.0451288846666066 0.0124600362969968 0.01 4 4
"1998-04-07" -0.0451226858294601 -0.0124600362969968 0.01 4 4
"1998-04-08" -0.0451764513774348 -0.00179196215385254 0.01 4 4
"1998-04-09" -0.0451496334980028 0.0177834565722441 0.01 4 4
"1998-04-13" -0.0451251141646294 -0.0207787677178081 0.01 4 4
"1998-04-14" -0.0451618163018448 0.019602549947446 0.01 4 4
"1998-04-15" -0.0451764146830841 0.0324107988531772 0.01 4 4
"1998-04-16" -0.0451997928643311 -0.0178117008207206 0.01 4 4
"1998-04-17" -0.0451434318829555 -0.00058008044197947 0.01 4 4
"1998-04-20" -0.0451341153657367 0.0314046672573009 0.01 4 4
"1998-04-21" -0.045060033826181 0.059466485055001 0.01 4 4
"1998-04-22" -0.0451338868101149 -0.0279289084523049 0.01 4 4
"1998-04-23" -0.0450758528173378 0.0236828494562913 0.01 4 4
"1998-04-24" -0.0450890854038118 -0.00106476698921125 0.01 4 4
"1998-04-27" -0.0451066632830436 -0.0177279320734458 0.01 4 4
"1998-04-28" -0.0450902188684269 0.00324672451384071 0.01 4 4
"1998-04-29" -0.0450682279622406 -0.001080982611044 0.01 4 4
"1998-04-30" -0.045052324553499 0.00270040044749446 0.01 4 4
"1998-05-01" -0.0450400097005527 0.00859328132797363 0.01 4 4
"1998-05-04" -0.0450311859205644 -0.00214181312547685 0.01 4 4
"1998-05-05" -0.0451082714143937 0.0101308124736472 0.01 4 4
"1998-05-06" -0.0450712010275469 -0.00104422200195825 0.01 4 4
"1998-05-07" -0.04507863448491 -0.00106673947582659 0.01 4 4
"1998-05-08" -0.0450912220197565 0.0242502166473953 0.01 4 4
"1998-05-11" -0.0450327884445574 -0.00574544665814576 0.01 4 4
"1998-05-12" -0.0450215573680604 0.00261546766963502 0.01 4 4
"1998-05-13" -0.0450637609454879 0.0186340633489939 0.01 4 4
"1998-05-14" -0.0450689409148287 0.0317968257108352 0.01 4 4
"1998-05-15" -0.0450935715140847 -0.00697905634227345 0.01 4 4
"1998-05-18" -0.045018586456218 -0.00250450567747681 0.01 4 4
"1998-05-19" -0.0450027755039994 0.00300405634663598 0.01 4 4
"1998-05-20" -0.044995840335041 -0.0120720348313365 0.01 4 4
"1998-05-21" -0.0449800788425066 0.00101160423856192 0.01 4 4
"1998-05-22" -0.0450730075357802 -0.0137441155884608 0.01 4 4
"1998-05-26" -0.045038673885189 -0.00771829799734922 0.01 4 4
"1998-05-27" -0.045053553530732 -0.00621725267341323 0.01 4 4
"1998-05-28" -0.0450296841581153 -0.00156072642279589 0.01 4 4
"1998-05-29" -0.0450522337578658 -0.0215740129734319 0.01 4 4
"1998-06-01" -0.0450092027550101 -0.00266314303155927 0.01 4 4
"1998-06-02" -0.0450078295821126 -0.0139635581527666 0.01 4 4
"1998-06-03" -0.0449770823698025 -0.0147104116033198 0.01 4 4
"1998-06-04" -0.0449884122331949 0.0190275098423546 0.01 4 4
"1998-06-05" -0.0449774964310242 0.0239438092004348 0.01 4 4
"1998-06-08" -0.0449507632497948 -0.000526064393141586 0.01 4 4
"1998-06-09" -0.0449240328331083 0.0036754789661885 0.01 4 4
"1998-06-10" -0.04502896190575 -0.0169136661497379 0.01 4 4
"1998-06-11" -0.0450029726795241 -0.0107179014324787 0.01 4 4
"1998-06-12" -0.0449772845668249 0.0021525020296005 0.01 4 4
"1998-06-15" -0.0449515817541293 -0.0350145621359875 0.01 4 4
"1998-06-16" -0.0449588128846509 -0.0202481456791267 0.01 4 4
"1998-06-17" -0.0449004194754832 0.00904998400083425 0.01 4 4
"1998-06-18" -0.0449763935333422 -0.0199037862250499 0.01 4 4
"1998-06-19" -0.0449243767107577 -0.0250086572561232 0.01 4 4
"1998-06-22" -0.0449480868937817 0.0186700579808912 0.01 4 4
"1998-06-23" -0.0448947750651002 0.0329765204933279 0.01 4 4
"1998-06-24" -0.044875429791504 0.00223454502160667 0.01 4 4
"1998-06-25" -0.0449537092466622 0.0038982287957109 0.01 4 4
"1998-06-26" -0.0449530048683668 0.00499064771837825 0.01 4 4
"1998-06-29" -0.0449108200332404 0.00990641859989027 0.01 4 4
"1998-06-30" -0.044871774608151 0.00600603507286345 0.01 4 4
"1998-07-01" -0.044841519982734 0.0167346231263427 0.01 4 4
"1998-07-02" -0.0449672544038652 -0.0134737399187065 0.01 4 4
"1998-07-06" -0.0449386858271483 -0.0131075817816791 0.01 4 4
"1998-07-07" -0.0449096611468802 0.0016477441236069 0.01 4 4
"1998-07-08" -0.0448463089634798 0.00983067232155879 0.01 4 4
"1998-07-09" -0.0448374562519065 0.0177764045865127 0.01 4 4
"1998-07-10" -0.0448527560196284 0.012204312669551 0.01 4 4
"1998-07-13" -0.0447732520796557 0.00735739024633843 0.01 4 4
"1998-07-14" -0.044932137939571 0.00209178582519539 0.01 4 4
"1998-07-15" -0.0449062263222883 -0.022187908292272 0.01 4 4
"1998-07-16" -0.0448836188864078 0.0116834565423723 0.01 4 4
"1998-07-17" -0.040015148801094 0.0151954630366032 0.01 4 4
"1998-07-20" -0.0400028508763034 0.0149681375063998 0.01 4 4
"1998-07-21" -0.0399887088005028 0.04898516650579 0.01 4 4
"1998-07-22" -0.0399725726184246 -0.00538002531253216 0.01 4 4
"1998-07-23" -0.0397854823954134 -0.028352923463093 0.01 4 4
"1998-07-24" -0.0397768058951253 0.00302241194483651 0.01 4 4
"1998-07-27" -0.0397737726840494 0.0100102387303216 0.01 4 4
"1998-07-28" -0.0397695290373487 -0.000498214378492663 0.01 4 4
"1998-07-29" -0.0397639708045946 0.0192449203848222 0.01 4 4
"1998-07-30" -0.0397571439155745 0.0421115140426527 0.01 4 4
"1998-07-31" -0.0398804443233207 -0.00658150770794539 0.01 4 4
"1998-08-03" -0.0398708554167717 0.00188521175824511 0.01 4 4
"1998-08-04" -0.0398597284812236 -0.0457582012191077 0.01 4 4
"1998-08-05" -0.0449220512350287 0.0151632615966351 0.01 4 4
"1998-08-06" -0.0448991419875317 0.0111602129472177 0.01 4 4
"1998-08-07" -0.0450063050699627 -0.00482872042761942 0.01 4 4
"1998-08-10" -0.0450192810498149 0.00579127134714741 0.01 4 4
"1998-08-11" -0.0449979977598982 -0.0106435394531062 0.01 4 4
"1998-08-12" -0.0449769781575802 -0.00389872445934912 0.01 4 4
"1998-08-13" -0.0449564484466322 -0.0142613297467238 0.01 4 4
"1998-08-14" -0.0449366723213178 -0.00645951145799779 0.01 4 4
"1998-08-17" -0.0449179127144611 -0.0019959787668942 0.01 4 4
"1998-08-18" -0.0449004560614594 0.029529409811952 0.01 4 4
"1998-08-19" -0.0448827762949397 0.00821099892933907 0.01 4 4
"1998-08-20" -0.0448542847699225 -0.0145351202512767 0.01 4 4
"1998-08-21" -0.04495414434765 -0.0014653870407483 0.01 4 4
"1998-08-24" -0.0449337277195362 0.00536192830896749 0.01 4 4
"1998-08-25" -0.0449125577545531 -0.000972996064558172 0.01 4 4
"1998-08-26" -0.0448908319689747 0.018800101648297 0.01 4 4
"1998-08-27" -0.0448687298841505 -0.0439304358655256 0.01 4 4
"1998-08-28" -0.0449422549381586 -0.0216906970536909 0.01 4 4
"1998-08-31" -0.0449419857122021 -0.0845575451622164 0.01 4 4
"1998-09-01" -0.0456369728819486 0.0460917852048629 0.01 4 4
"1998-09-02" -0.0457321417728953 0.0214943058257962 0.01 4 4
"1998-09-03" -0.0456949409510568 0.0103205291759944 0.01 4 4
"1998-09-04" -0.0456571283898441 -0.0197005341211919 0.01 4 4
"1998-09-08" -0.0456400795968305 0.0535161527154291 0.01 4 4
"1998-09-09" -0.0457342854638102 -0.0195444172807737 0.01 4 4
"1998-09-10" -0.0457128730833517 -0.00813010143674785 0.01 4 4
"1998-09-11" -0.0456743299316789 0.0326249858983283 0.01 4 4
"1998-09-14" -0.0456412505712174 0.0200448492946868 0.01 4 4
"1998-09-15" -0.0457281203431847 0.0067534329904447 0.01 4 4
"1998-09-16" -0.0456750389754582 0.00383876522840661 0.01 4 4
"1998-09-17" -0.0456188820255422 -0.0291567382394853 0.01 4 4
"1998-09-18" -0.0456039401195872 -0.0164060389117099 0.01 4 4
"1998-09-21" -0.0457015081559327 0.0276836381848007 0.01 4 4
"1998-09-22" -0.0456669495205682 -0.00341877297647361 0.01 4 4
"1998-09-23" -0.0456317054474638 0.0332002448885212 0.01 4 4
"1998-09-24" -0.0456082004342252 -0.0114234985519593 0.01 4 4
"1998-09-25" -0.0455872145497692 0.0222494427845994 0.01 4 4
"1998-09-28" -0.0456085354407146 0.000936206395472222 0.01 4 4
"1998-09-29" -0.0456941955501792 -0.0165062312911492 0.01 4 4
"1998-09-30" -0.0456436804244475 -0.0226027186074261 0.01 4 4
"1998-10-01" -0.0455353486776702 -0.0246195656640707 0.01 4 4
"1998-10-02" -0.0455884388943545 -0.00449637947466534 0.01 4 4
"1998-10-05" -0.0455551411026287 -0.0372397364132819 0.01 4 4
"1998-10-06" -0.0455861152797157 -0.00835126206043524 0.01 4 4
"1998-10-07" -0.0455619659651439 0.0125009091349755 0.01 4 4
"1998-10-08" -0.0455378208255056 0.0225185688271691 0.01 4 4
"1998-10-09" -0.045531476409167 0.0304030903372902 0.01 4 4
"1998-10-12" -0.0456668940469009 0.0275977662240259 0.01 4 4
"1998-10-13" -0.0456329893468747 -0.0207480635525918 0.01 4 4
"1998-10-14" -0.0456358449654707 0.0178791389663943 0.01 4 4
"1998-10-15" -0.0456011351994266 0.0449517054192755 0.01 4 4
"1998-10-16" -0.0455678445012146 -0.00412975921670666 0.01 4 4
"1998-10-19" -0.0455339598902243 0.0249727423275908 0.01 4 4
"1998-10-20" -0.0456309451509057 -0.0108200421201686 0.01 4 4
"1998-10-21" -0.0455960783601517 0.0343090175395846 0.01 4 4
"1998-10-22" -0.0455605790484778 -0.00615133657373213 0.01 4 4
"1998-10-23" -0.0455245488062554 -0.00176424941456004 0.01 4 4
"1998-10-26" -0.0456229603327107 0.0105399341011555 0.01 4 4
"1998-10-27" -0.0466374750996748 0.00913294357529134 0.01 4 4
"1998-10-28" -0.0466333514220625 0.0124755943112296 0.01 4 4
"1998-10-29" -0.0466291173036473 0.0173770773479558 0.01 4 4
"1998-10-30" -0.0466261938728194 -0.00168195917051959 0.01 4 4
"1998-11-02" -0.0466238493319436 -0.000841939490505029 0.01 4 4
"1998-11-03" -0.0477285520543569 -0.00676261782017892 0.01 4 4
"1998-11-04" -0.0476959568868107 0.00338678977161193 0.01 4 4
"1998-11-05" -0.0476857016902542 0.00757910578834057 0.01 4 4
"1998-11-06" -0.0476949983640184 0.00922976905408906 0.01 4 4
"1998-11-09" -0.0476833592223688 0.00954160441832774 0.01 4 4
"1998-11-10" -0.0476845414235213 0.0300957458109964 0.01 4 4
"1998-11-11" -0.0476829813488925 0.00718590617337347 0.01 4 4
"1998-11-12" -0.0476816462541552 0.00476155923491195 0.01 4 4
"1998-11-13" -0.0476804962596456 -0.00277483776021871 0.01 4 4
"1998-11-16" -0.0476793140288967 0.0122317256397365 0.01 4 4
"1998-11-17" -0.0476781006820741 -0.00866509574475769 0.01 4 4
"1998-11-18" -0.0476770901802743 0.00630943496591239 0.01 4 4
"1998-11-19" -0.0478072745949589 -0.00275574759169425 0.01 4 4
"1998-11-20" -0.0478059633727848 0.00980561906328073 0.01 4 4
"1998-11-23" -0.0478046220642878 0.0394164511416135 0.01 4 4
"1998-11-24" -0.0478030613069809 -0.00791145157145708 0.01 4 4
"1998-11-25" -0.047801715011859 0.00903617055224498 0.01 4 4
"1998-11-27" -0.0478001020202388 0.0193025144834309 0.01 4 4
"1998-11-30" -0.0477984658981653 -0.029095304889068 0.01 4 4
"1998-12-01" -0.047798077206184 0.0283602426894328 0.01 4 4
"1998-12-02" -0.0477963759495689 -0.0144526530795694 0.01 4 4
"1998-12-03" -0.0477951740534812 -0.023797653138607 0.01 4 4
"1998-12-04" -0.0477912050032995 0.00457675110232524 0.01 4 4
"1998-12-07" -0.0477851753755325 0.017726393852012 0.01 4 4
"1998-12-08" -0.0477791635619855 0.00596325824246461 0.01 4 4
"1998-12-09" -0.0477732046579142 0.0074050489269181 0.01 4 4
"1998-12-10" -0.0477674068016106 -0.0265387279017817 0.01 4 4
"1998-12-11" -0.0488401866934788 0.0180183622274705 0.01 4 4
"1998-12-14" -0.0487806624953177 -0.0309811491101955 0.01 4 4
"1998-12-15" -0.0488202331871964 0.0129627868827252 0.01 4 4
"1998-12-16" -0.0488322408206196 -0.00379545265771119 0.01 4 4
"1998-12-17" -0.0488431884799675 0.0102137816113651 0.01 4 4
"1998-12-18" -0.04845876991579 0.0325839161367643 0.01 4 4
"1998-12-21" -0.0484677978789499 0.0276645950077058 0.01 4 4
"1998-12-22" -0.0484379110802792 0.0327666540383671 0.01 4 4
"1998-12-23" -0.04844936545223 0.01497712240888 0.01 4 4
"1998-12-24" -0.048459883165524 0.0157529264725199 0.01 4 4
"1998-12-28" -0.0484695403721483 0.00695952074531174 0.01 4 4
"1998-12-29" -0.0484784048466824 -0.0112913069727839 0.01 4 4
"1998-12-30" -0.0484868835967294 -0.00200652379742839 0.01 4 4
"1998-12-31" -0.0484943062942031 -0.0127993652909001 0.01 4 4
"1999-01-04" -0.0485013809790309 -0.007486010982544 0.01 4 4
"1999-01-05" -0.0485076619699092 0.035563378791974 0.01 4 4
"1999-01-06" -0.0535814384089269 -0.00462529265305669 0.01 4 4
"1999-01-07" -0.053501832197366 0.00758680319050599 0.01 4 4
"1999-01-08" -0.0535069792430225 -0.0138984166506976 0.01 4 4
"1999-01-11" -0.053512160186368 0.00895673436493084 0.01 4 4
"1999-01-12" -0.0535173743276763 -0.0223755831686594 0.01 4 4
"1999-01-13" -0.0535226204109401 0.00236193160115224 0.01 4 4
"1999-01-14" -0.053619158083373 -0.0266320457813831 0.01 4 4
"1999-01-15" -0.053630761683287 0.023594965090481 0.01 4 4
"1999-01-19" -0.0551724319034862 0.0387784072671209 0.01 4 4
"1999-01-20" -0.053603109399844 0.0116355363643092 0.01 4 4
"1999-01-21" -0.0536092110870856 0.0127716941403875 0.01 4 4
"1999-01-22" -0.0536153361807451 -0.0916366705738447 0.01 4 4
"1999-01-25" -0.0561672017040103 0.0124395525361783 0.01 4 4
"1999-01-26" -0.0561809939862083 0.0197222332662111 0.01 4 4
"1999-01-27" -0.0561961899560702 -0.040191038995046 0.01 4 4
"1999-01-28" -0.0570537594386676 0.00210052425732333 0.01 4 4
"1999-01-29" -0.0570537515824912 0.0252135728976853 0.01 4 4
"1999-02-01" -0.05705166100804 -0.0192848439623521 0.01 4 4
"1999-02-02" -0.0570522675209886 -0.0168306278461399 0.01 4 4
"1999-02-03" -0.0570493632597912 -0.00852248734802867 0.01 4 4
"1999-02-04" -0.0570495256030433 -0.0329924247402884 0.01 4 4
"1999-02-05" -0.0570542041620058 -0.0212338082504899 0.01 4 4
"1999-02-08" -0.0570662326566586 0.00866030843953754 0.01 4 4
"1999-02-09" -0.0570925688641492 -0.0257782884029365 0.01 4 4
"1999-02-10" -0.0571748460000358 0.0369435711425004 0.01 4 4
"1999-02-11" -0.0571319328801538 0.0554296776231345 0.01 4 4
"1999-02-12" -0.0571301826946183 -0.0327431516961568 0.01 4 4
"1999-02-16" -0.0571295040216435 -0.00144815078683453 0.01 4 4
"1999-02-17" -0.0571709966935545 -0.0116619651666051 0.01 4 4
"1999-02-18" -0.0572984878019263 0.0217555492501191 0.01 4 4
"1999-02-19" -0.0572947683085721 -0.0151789016477547 0.01 4 4
"1999-02-22" -0.0572910667329946 0.0361202095226268 0.01 4 4
"1999-02-23" -0.0572873846487917 -0.00563574760184691 0.01 4 4
"1999-02-24" -0.0572837231136045 -0.0181790282657461 0.01 4 4
"1999-02-25" -0.0572800835654113 -0.000719871668760068 0.01 4 4
"1999-02-26" -0.0572764674726197 -0.022570563095567 0.01 4 4
"1999-03-01" -0.0572728761134056 -0.00813331377579299 0.01 4 4
"1999-03-02" -0.0573505611380377 -0.00371897039557084 0.01 4 4
"1999-03-03" -0.0560289780871465 -0.0059788156562024 0.01 4 4
"1999-03-04" -0.0560649052217055 0.0251678252961634 0.01 4 4
"1999-03-05" -0.0561001935227796 0.0422239842319497 0.01 4 4
"1999-03-08" -0.0561351773137445 0.00279945588392735 0.01 4 4
"1999-03-09" -0.0561698313285992 0.0183497165586048 0.01 4 4
"1999-03-10" -0.0562041322874219 -0.00378130452562862 0.01 4 4
"1999-03-11" -0.0560694374524219 0.00754726020732585 0.01 4 4
"1999-03-12" -0.0561017313887155 -0.0270191891805546 0.01 4 4
"1999-03-15" -0.056133630596037 0.0222230018595861 0.01 4 4
"1999-03-16" -0.0561528986352891 -0.0055096184750858 0.01 4 4
"1999-03-17" -0.0562882206021278 -0.0163625090040529 0.01 4 4
"1999-03-18" -0.0562385385312251 -0.0024598130964438 0.01 4 4
"1999-03-19" -0.0561731433917724 -0.0523681512144587 0.01 4 4
"1999-03-22" -0.0562734434168815 -0.00931289791993959 0.01 4 4
"1999-03-23" -0.0563021807686583 -0.00977809964507584 0.01 4 4
"1999-03-24" -0.0563316159295247 0.0246374806595767 0.01 4 4
"1999-03-25" -0.056361696312175 0.0106358781385152 0.01 4 4
"1999-03-26" -0.056260903833376 0.00618302899133524 0.01 4 4
"1999-03-29" -0.0562957314856564 0.0314091577073634 0.01 4 4
"1999-03-30" -0.0562989798896198 0.00385732183896414 0.01 4 4
"1999-03-31" -0.0562806726948239 -0.00737704626768699 0.01 4 4
"1999-04-01" -0.0563965225946983 -0.00141161453558989 0.01 4 4
"1999-04-05" -0.0564287261854691 0.0384462970309439 0.01 4 4
"1999-04-06" -0.056460247519104 -0.00511013362602315 0.01 4 4
"1999-04-07" -0.0569077146942907 0.0189456498476875 0.01 4 4
